$ANSIBLE_VAULT;1.1;AES256
36646335636136623630666533306231643934306161333834343730636338306433653533656132
6138303063376338646361623864653530653837633463650a313630653638373163626231303330
63326638366563616137323162373462303462646130646231636434336164623061656636366434
3534396362393435370a333337353365323961373364316337386664346462636134306136376134
30663837636665336561383938643735643634633261356265613061303133623063633531303734
62343738313665663632336662323030376566653430643039303235666634393333336661353138
62323532366531346139343464636566653662316431633165353135663662363162323962316435
36643938376235666661363135303530356563333234336261356535323963383139323036373966
37346137633630646266343434346265653534616330373266326538343262626432633638636332
65646632373661653662666234643938336337316432303032666635353036633531383332323635
33613939306561333861353263613534396235313464653864323030313931303662333166353436
31373836336661613538383238393630333337356165353765376134666436323466633938303331
63393664386538346236353062333837636362666666636164366434373235643831656236363634
62313635626338646331646566396236383431313463653335306530386165376534383965353538
38396264633534356664626637643736363434316566643664363238613466353162376663616664
61323061313733393036656537386434366461333762323037613464663963666662653266313334
61303963653931386166333230353165336463353632363538666437613838653562633832656165
39353332376431373134363735313936313932343232666662303763633562363931653139386461
36353666396564326437313733373839353136633962376461316330666466323161663232613266
39333635333066393530666164353861646636353766323532316436383937613762393262343861
65646338343264393234616431613465616638336535653131323232386632663265376461613934
63373665393737333366613730663732396362386234386236373538303830366637306162383165
32616363356231643763353739316339356539303637666634333533316639616333623364356536
31373737373934353238376132626465366363633536653038396335356661376162383965653062
30383030343630383265666138343032613338613964353136616334653938653861626165376130
33663166306463336336353637636437343965613431383731626366616136663531343132326263
33343764643032363965393432306435633930666433353366376161663132666532343238653832
34396566343134326333316561396663336430663331336663613066613634643039306530643438
34343536643437376365633932623539633435633933303039613636326166356465626266366566
37336464323931646362343066383735313462626134326363643634306262656435303164613635
39336332653563366137336265306134313137393238326465306665623161383734376431646565
36316135323938316266326334636236386135626533343435643735363761306464646330373338
61623532633839663662393735663330316261663162663764663231626539386334343263613461
38616235623536326663666337316430343137363063636637303464333866353764623830363839
35663336393435386235323562323462353934343430393435366462393864386562373433343532
32396364303433663831653031303939376339386633323634383038376561366363643133353464
30336634666263643639383037636532303463363839636462626366373263346639626166663864
34353536306331313238663261333533393235383162306532623830356632323061323937636333
36316337393761643738313132656339313136323332663031636630366465666138636135663366
38646336616530393830383037313237653865613961633239376366626631353761663037616533
35653035373061303132386562333835643830353164356532313864316265343966616164303335
39386262343862633737376330393862383363383062623133656437393063653730623836626232
33303938303338646238336164316637376361623063666361393464333734643561363930623966
38373836343434386566633238383463303563326431363865653863333233343363326531633135
30376466663030643133643231383333626162643133653566343864636165313961663935633861
36343338313531383133303664343865343766656239333130376533633938616337366435333661
30363730613062306264383132313363313834313236393561666136313836343838646137616533
30636232623038383738316338653164643764623232383037383463353638323635366131303835
38303865633438346234363437336235393737313566306132396430353765616364366334373736
65646437626662363633353036663037656261313339623430366234363866633230396239316133
65663335313137353134393838336139383039346536323633643232353364326231373665383630
65656363376563383935613333656263363431626536396165623965623230633235393762376261
35343633353537336664336563353232393363656131333432393466396163386132306164653535
33643635393039623235386232386234343431646135373564383934323332353561636134646563
31363661306562383631653738336662633066653131626531393130643866303635346561633939
32323361653937623832353937393162343661316165663865663866663438333733383965333038
32396234663136333039366164353532616338336339306432653661316535653965316337393863
30326663303662613930386639363130386132646433643334626135653565646330393862393163
36396634383961643362393839363031356463313736666364616331393239333935393265386232
37646362343666393933336365623038376237363464306238303239313465336163356661623634
30663734303734353433616434646238636166386435346661656533663730626138363035363435
39323038333230336436343262363762373430613766333836393938356338363364633230376134
33633064353139623631646338666434396264663233346332356439383764666661376130333531
66633766373866616634333864633131303033616633306533376461613162653862663963353937
36333034653232346562616462383838663766323064666636666630306431333135303162383237
63373030343464633934633437633534393936333734343634323530336337326335323432336331
32323538326562386566613038646535393135363437663536386438643835366365636339336462
39306239326136333564383564363736336636376436303238326332663266373531363038313138
32353532623436316334653533393862353037353333303538343331626363383036343138383766
34626566666666376463663731643563656337386462316636666262613664646465303663386366
31646238393066376337393936346232343530643663633866333930656566623932333339303138
36663865313731373231636165393734653236366361346461663631356166363865346363313535
36356134646437613239383733363364663862393264396232306235643334633339653962333266
63323333303065653933383963303161643736343533303064643234336334646436613830346264
32643366303631333332303631393436356339346364313535313566316637363366383464303232
32303036623231393965383937346632636637366465353131373936323665376332383463623062
63636434306561653166656532336230336431643035616162373639386237303137376239336536
65393030323034353430306331333965646430373939336238383036376530653631616630393465
39363736316466343134343334343032313065393633623765323965656637613037623664663861
62633739613334626263353331313932656135623535613531353530643434333230626538643438
34333035323166643432363839623064636637313739663935333065636662366662363030623430
66656537633963386662383035353066663964396361303061623964343332653161636134356230
31303231613639613062356533646463373563643038313337303862306134336464333234333165
35633262303539376364643039343461643337376261306432393830383735663165656430383630
64393163623866346166356339306435373131393036383564376266313062636163653338323961
34366239326638636361366234356636613163343365393764373736343561383635616565306534
30303531643663663762643161376436373234303634363538616537653434653433333462663735
63636238666239663263376132313934623231626337356365663231346164643632346261316464
33373261376361643534343134393131373331323338393262323261313935623037643435353034
65626365636665303536353634343638656636303566393238353539303931366637356166653436
37636239613431326462663864663531373739626534643163303261636333316234646236646236
61616331343934666638646438623061366437303831643136393132363266346134303632613166
63383239313138373737643333383537643935373530333166343164636536383130643732313734
65633035333062396163383365613266343939646333313264396464346665613361373062613264
39303265323539346235343166306665336134346261333738666164373065366430616235336163
30636465383831336161633261306137316566373138376566326533396365313066643932336565
63626266333061346430656333626665383136346136646631323730303937653533313137323730
35396538616638306261663463373665373238643363346563646538643162326234643433316432
38343633666330303237383137656265353933663030323364666163383337393764643032313431
62393131666362333131313737623461393437653937363262613462363939313633356530323562
39313166393238323263633937653537396237613461333764396235346336363038363964393263
66643930396232303039633038653435663734646266383537373363323735353662333265616161
61303832616564343966663862663633326566373662646232623737633264326639323738316263
32353038343032303235386161376431616663313564326231346330303763316138346561393534
65646535373739306135653532333164306537336266316661316264613832373866363863306434
35653966623836356639346230353630346335333662336466653037663337353634333964633562
63663561626336313830623732616435653439656539666532333733643033643039323939663663
34643364643239623831376432316464343964323434663837653565313761393438343561633336
39646433616464633838626431346637343630336434653664353266393463363333313533396635
33323864623161633662393032326136623334373632356331636461636531656462303966633965
65636237383564613139343339343734626534343462376166663136656666323632653931333731
64376335666264623133636437383733353065333537633838623733663565626637333833656266
33393136373330313135363066633035303661313832366465303236636562306366623465643637
62633335356331316431333666346433383261303138663736323836656438663137643863633636
62326636393666656266333463363834383435373466383163663162613562303035663236353839
39326464386265653464356166323936376136663834366662313733303938343462636234656434
64356366646439623165373237363531643962623662303563313966313237343861643766623762
39643966323738323334376466656561303738613531383636613031663933336364656431326131
38663465343131623931636632353031396531393636653966393731306139306566346233346134
63353037303563306534636236386461663936396238356336646566386230616133313732626336
33643830636137646530373063646535343365653836386362333736353333656236313438316534
32626161383365663435613634666239323936623930653231616630343736623435393166626264
37613830353637633530653332626562353938306162663832633863326465333262633066623666
33653934343439616432306564396161313663396564333034366238633738353138303031663037
65656665373534346465623337373866363038323938333661663965316338376532346633656261
66646130643663303966333165306236313432303461333861323234643961323334376334343962
61393232376363346438373566333537373438396234343737366162626530356131613537353732
35656461386665666433306236343730363933663639613464666362353732313731396533323837
34653962623362613166396162396339653538646462643137353933343561663065386566623937
33323763376437666534363231626335613463393135303038623033323138373430393335333238
32343535303837626532326266356137323163646463313065343132646663643863303065363432
39313732636132323737356130613662303832346664653437663865663038306130626666303438
65643361343265373539316364316636323061623661663365326237323161346562363864613239
31396239613038366363353262613363383632323533643231323338383435623639633738323466
64666235383331393530313634376233653736626362366136363438616134656134353332346366
30356134333336376461353364626535333935613538316530643231663031613535323164626338
62336162653861636438366330623335383563333566633832363235636464633364383733343866
37613537326365376637633965316334373964653661326563323265393230393838653633653534
30613038316166626439663434623839323863356536323232373937353233333539616532656465
32313034373561613764373065633435643134376438626363346435643534663166313234646537
38393638313835616234373138666530336463303636396236626536393762663439623761343330
3734633066353230306237613438643434343637343431306663
